% # columns="iteration, evaluation, void, void, void, xmean", seed=804290, Wed Dec 27 09:32:00 2023, <python>{}</python> # scaling_of_variables: 1, typical_x: 0
1 7 0 0 0 2.8774911432013996 1.859733378204558 -0.2677003291570599
2 14 0 0 0 3.177251101456208 0.5807274783585452 0.7612245589287592
3 21 0 0 0 2.906395545440164 1.2309071680651111 1.53123117259663
4 28 0 0 0 1.7046279681403749 2.6178338299882453 1.672908416636364
5 35 0 0 0 1.214409205887527 3.17771236833241 2.5679045584869877
6 42 0 0 0 1.9239161464242214 2.727261775444338 1.7960074948049436
7 49 0 0 0 1.9021930277894452 3.826498460114058 1.784265795332634
8 56 0 0 0 0.8804146661622665 6.2292041054660645 1.8173686471791592
9 63 0 0 0 1.1097571869317961 7.069954838777595 1.4783205094524803
10 70 0 0 0 1.492687519705263 7.604059233224029 1.4936150407311584
11 77 0 0 0 1.1440069072344587 6.76421305834374 1.4276427782390884
12 84 0 0 0 0.7806761148080552 8.29253615702222 1.1563945518647303
13 91 0 0 0 0.25337219711953063 9.246713365945876 0.437008968938321
14 98 0 0 0 0.726285868495135 9.54510980162767 0.579520731097672
15 105 0 0 0 0.7190436349227234 9.755944686111285 0.48343731260765016
16 112 0 0 0 1.5741706445189456 8.057152332500749 0.25462189119354733
17 119 0 0 0 1.5238525387903261 9.43176614497435 0.5848119986733429
18 126 0 0 0 2.0481810608135356 10.756073309064186 0.6833044701506297
19 133 0 0 0 1.5514978771018848 10.784257859756751 0.8078781351614255
20 140 0 0 0 1.1036825205419212 12.518273926958974 0.9933564381083293
21 147 0 0 0 0.4591495910721227 13.801759784230939 1.052800673442074
22 154 0 0 0 0.8313545394470969 13.838180846898332 0.7017189156531284
23 161 0 0 0 0.6959940846025087 13.94803936105991 0.40572757365545775
24 168 0 0 0 0.2084862657484995 16.247608622495665 0.47115264773256926
25 175 0 0 0 0.4553230316091463 16.74880284853735 0.42158686500883114
26 182 0 0 0 0.40634890087414943 16.616868467445535 0.4078975645581675
27 189 0 0 0 0.9948139668490384 17.596234479174402 0.26724291285860624
28 196 0 0 0 0.4941359757126692 20.05938630397602 0.3841750376421901
29 203 0 0 0 1.005009473383117 20.0460089970739 0.20927362917573425
30 210 0 0 0 0.30287856837808325 25.49836191459166 0.22003305535171191
31 217 0 0 0 -0.4715830828510029 28.597420666715614 0.3779916609368709
32 224 0 0 0 -0.07322520642704755 28.319008513278746 0.1630845242189795
33 231 0 0 0 0.2394000079750781 31.712341125535183 0.22937779307659617
34 238 0 0 0 0.4432525307524439 35.53461216423983 0.38697371500242733
35 245 0 0 0 0.30302917464634593 42.67629369586217 0.4317331507293454
36 252 0 0 0 1.303139578231991 45.79893121213941 0.22966547460343195
37 259 0 0 0 1.2389447859375542 28.61572363831013 0.11383038956359148
38 266 0 0 0 1.8834200475718776 40.046294513666034 0.17528678640903164
39 273 0 0 0 1.6274749610222008 41.319813537274854 0.3815815208623276
40 280 0 0 0 1.5517278727082129 47.61478081276952 0.4047212196138115
41 287 0 0 0 0.807819834547992 53.96585500718975 0.189657106085805
42 294 0 0 0 1.2340477648536898 54.395626806746066 0.2219058511053354
43 301 0 0 0 0.6535914362509189 62.1704940091727 0.3282974893960061
44 308 0 0 0 1.180707703167941 61.06963308086676 0.14736153090717008
45 315 0 0 0 1.142447030424269 57.83919785125777 0.1963939880376783
46 322 0 0 0 1.5786843038800011 58.83287653461754 0.13606185785322986
47 329 0 0 0 1.2042010200958748 59.24995197047316 0.13733963274056227
48 336 0 0 0 1.4210728143549651 62.551464473472194 0.06975265348025794
49 343 0 0 0 1.3315583661822867 65.52671889583814 0.05596794463015795
50 350 0 0 0 1.0081155450755714 70.92173649202667 0.05640397536164647
51 357 0 0 0 1.003490572717597 74.94040695565157 0.08309734403837699
52 364 0 0 0 0.5286391435551351 89.52219368893768 0.04766662388730847
53 371 0 0 0 0.7794310157593166 93.57569563694463 0.11023662626098504
54 378 0 0 0 0.7049913832161188 98.24510883610627 0.11958266376101762
55 385 0 0 0 0.23426277912334525 85.2738609621575 0.11021749221629633
56 392 0 0 0 0.27480662065129 99.76559200089827 0.14282867900829613
57 399 0 0 0 0.5084439654101356 101.44880604245895 0.10221286893906224
58 406 0 0 0 0.5305927109007557 119.67178391909023 0.07197788745021366
59 413 0 0 0 0.42789456235853374 123.39115520906768 0.04426188934743868
60 420 0 0 0 0.7988376755986105 126.66790419191514 -0.007559392022258346
61 427 0 0 0 0.8678680621989285 125.31951896740662 0.0009176792907013131
62 434 0 0 0 1.307534078742438 113.58161832561036 0.021164950507021392
63 441 0 0 0 1.6544129358900375 110.80126440276274 0.05458329212087473
64 448 0 0 0 0.7918629507946068 136.30764432102933 0.06093203125924607
65 455 0 0 0 0.752889420571457 140.87598584458277 0.07622745219115869
66 462 0 0 0 1.1896556529425948 132.72761175728806 0.10099581392721031
67 469 0 0 0 0.8610463613521802 133.82322395379094 0.054783242018059945
68 476 0 0 0 0.5330947484108066 142.94694401722737 0.05688233399647658
69 483 0 0 0 0.3242284741406196 144.46325753277333 0.051451977074225407
70 490 0 0 0 0.47087544702306383 143.2898790372249 0.08193923541916028
71 497 0 0 0 0.5078508599626843 152.27261251666016 0.0863006930652267
72 504 0 0 0 0.506747148735594 155.7659125795716 0.08577095159415082
73 511 0 0 0 0.437233875356082 165.7732430033724 0.10882613314585199
74 518 0 0 0 0.5593307258707311 170.649221478896 0.13382212129612556
75 525 0 0 0 0.39937860501354666 178.94062067464088 0.14178345847618148
76 532 0 0 0 0.48909260345335104 185.4574108881704 0.14993691640859017
77 539 0 0 0 0.35344557811847716 182.09539584986356 0.15388132669037002
78 546 0 0 0 0.40212465798426184 189.16002239175847 0.17050435294882713
79 553 0 0 0 0.26094140787530523 192.82905072385694 0.17389866526742268
80 560 0 0 0 0.23323809549615312 193.24327068093987 0.17621624381470938
81 567 0 0 0 0.2742157239400128 186.0037454704 0.15966361276078497
82 574 0 0 0 0.29542123929972286 185.01093493831087 0.16526040321037183
83 581 0 0 0 0.329351385361494 180.25375817031735 0.14988802943014756
84 588 0 0 0 0.19400834365900232 185.3114974555396 0.1678598570556924
85 595 0 0 0 0.18083383588506038 185.4162357105264 0.16996288734341242
86 602 0 0 0 0.12282466707019397 186.38566522597688 0.17153555989637403
87 609 0 0 0 0.10244590097283329 183.20093465167855 0.16131767641472328
88 616 0 0 0 0.16410753194525896 181.1240432936032 0.15452483716668558
89 623 0 0 0 0.10999172084869341 185.39107989137096 0.17273425590532543
90 630 0 0 0 0.08824985637150558 185.4890900358015 0.1725868857175674
91 637 0 0 0 0.05516609054049892 186.99075104172297 0.18136628903989715
92 644 0 0 0 0.03805553088532503 187.87225628160508 0.18370877699378604
93 651 0 0 0 0.03759658289094392 186.8147755145915 0.18090703594968838
94 658 0 0 0 0.015758730881090775 188.3211844462152 0.1867455609735031
95 665 0 0 0 0.025163308167371085 187.52608926936705 0.18416528623654405
96 672 0 0 0 0.01071001648787154 188.520929484386 0.18792917166044776
97 679 0 0 0 0.008100294671402053 188.24365532638853 0.18769977771671073
98 686 0 0 0 0.010434767281869 187.481987225103 0.18415133936127515
99 693 0 0 0 0.010587698786396166 187.69443567732273 0.18471706905730162
100 700 0 0 0 0.009438184232726606 187.23977238882767 0.1836455977864943
101 707 0 0 0 0.01256146062592492 186.6967047783246 0.18192832854742658
102 714 0 0 0 0.01572294133802878 186.7803897329986 0.18194607190727508
103 721 0 0 0 0.013604255338867473 186.34041794830986 0.1801964797031
104 728 0 0 0 0.012136430717234102 185.414252864607 0.17682510086099326
105 735 0 0 0 0.017184093559827293 184.40586352208553 0.17315533497925306
106 742 0 0 0 0.0078299772711035 182.9046405747529 0.16780084418477131
107 749 0 0 0 0.005069776965588711 180.5103206019667 0.15973068801260185
108 756 0 0 0 0.0030940255014955714 181.39750031991298 0.16295064556251732
109 763 0 0 0 0.003138533476528192 179.16424814725553 0.15494905732740297
110 770 0 0 0 0.002361773859701568 177.49064811925336 0.1491665640517875
111 777 0 0 0 0.005443883253565008 176.63587930812955 0.1462662057022818
112 784 0 0 0 0.007744807081103124 178.7732427642101 0.15354548168750207
113 791 0 0 0 0.00619084828203545 177.4104307641218 0.14889554765648777
114 798 0 0 0 0.006206578404813171 177.17848253843601 0.14824741425940102
115 805 0 0 0 0.00349618567758301 177.12676338105575 0.14807515966082402
116 812 0 0 0 0.006215824193857151 177.56145570347684 0.1495674464185579
117 819 0 0 0 0.0034477008915346813 177.46636685052079 0.14921731255923795
118 826 0 0 0 0.0034784227402195455 177.2422669879544 0.14846604223537843
119 833 0 0 0 0.0029995814159965526 176.92977453719354 0.14743587829052823
120 840 0 0 0 0.0037468355791782613 177.16342402557433 0.14819001700481607
121 847 0 0 0 0.002529643475158857 177.1252192961526 0.14802133955006191
122 854 0 0 0 0.0015202858913739464 177.0389497109236 0.1477458793610438
123 861 0 0 0 0.003376620769360327 176.98577219940475 0.1475252222147538
124 868 0 0 0 0.0029228126895417335 177.3690124994743 0.14883390287358333
125 875 0 0 0 0.002439482381689502 177.01557375519107 0.14765045009548894
126 882 0 0 0 0.0008425373637783319 177.01605769287522 0.14768121940803794
127 889 0 0 0 0.0013458450547976478 177.1268268353374 0.14806228339002697
128 896 0 0 0 0.0014746821322016944 176.8871345160578 0.1472142548787384
129 903 0 0 0 0.001529296192871627 176.9548831901613 0.14744467879204445
130 910 0 0 0 0.0014377481530447234 176.84826906555475 0.14708993787791222
131 917 0 0 0 0.000604867510492504 176.87337444741337 0.14720340118918962
132 924 0 0 0 0.0006705898231649506 176.96207243629038 0.14749092674039357
133 931 0 0 0 0.0006396713955441601 176.89891066172927 0.1472772767121474
134 938 0 0 0 0.00048700016607735404 176.89179225876134 0.1472577509591795
135 945 0 0 0 0.0004591123235419303 176.79606294008497 0.14693195755660635
136 952 0 0 0 0.0004998565372322132 176.95191248822096 0.14746147155901562
137 959 0 0 0 0.00028388732670543845 176.9442933706618 0.14743549023370164
138 966 0 0 0 8.529093899022208e-05 177.0015412918972 0.14762810534813406
139 973 0 0 0 0.0001864993002058455 176.9174690426853 0.1473395421827803
140 980 0 0 0 0.0003948314721660383 176.97336923014538 0.14752839699043266
141 987 0 0 0 0.00017767942615870138 176.9467965788458 0.14744245934203642
142 994 0 0 0 1.6334180327053755e-05 176.91854475602068 0.1473497083690612
143 1001 0 0 0 0.00014100671274832534 176.93479369324007 0.14739930082453037
