% # columns="iter, evals, sigma, 0, fitness, xbest" seed=553621, Fri Jan  5 07:31:49 2024, <python>{}</python>
1 7 0.724970643824405 0 1456.0097267313288 5.852058247438909 3.3847528678052363 2.322126518329498
2 14 0.6530227588815944 0 1538.614570129332 4.676200950160916 2.8860658082142985 2.95686102066328
3 21 0.6921799369996029 0 1442.2082790314994 5.476172059662209 2.643775086480616 2.653592703071856
4 28 0.6023228987374043 0 1373.7950855493107 5.419610577759915 3.506841162173754 2.584192659757764
5 35 0.504559008218652 0 1384.8796368362434 5.6406547199532024 3.2469605019879335 2.2571332998430425
6 42 0.4299348048346314 0 1406.1555648707533 4.877822705046616 3.4281609068187127 2.9158704961117445
7 49 0.4043021357748647 0 1382.9389735300022 5.01986222042024 3.758141880469765 3.025803474106575
8 56 0.360960585822907 0 1408.0967184751696 5.4095522710439345 3.9655057085662855 2.49807790368062
9 63 0.4437280591961837 0 1372.9670341284268 4.588312492101597 4.41675653311962 3.316676525528122
10 70 0.4314720795215996 0 1393.0294996762043 4.800307848909146 4.634258228909076 3.07174822139783
11 77 0.39315887527838345 0 1369.564282173288 4.881516465630601 4.118125123346087 3.0352753784405073
12 84 0.34701663182523 0 1374.9686426945595 4.81677669008239 4.4614941821523155 3.1053973044032657
13 91 0.3469694409957831 0 1373.3669862081647 4.383352947308545 4.964688909566173 3.596306032015931
14 98 0.3325604490902155 0 1373.0828290944212 4.409854286140406 4.68352320807651 3.5545332795424454
15 105 0.35839851559138175 0 1375.6386784556273 4.797755079108095 4.010462955757397 3.194486615069467
16 112 0.30201080904396876 0 1371.104627134628 4.563251722607575 4.609282315303308 3.3780258166889587
17 119 0.34084435888963777 0 1370.9034629076884 5.075965950163328 3.97362328181307 2.8867059003732587
18 126 0.33446845746445075 0 1362.9657904342296 5.331009417617853 3.415110858159167 2.588147580037359
19 133 0.27292471374991606 0 1369.3050455528708 4.781815452130094 4.246911275842927 3.1548921314957243
20 140 0.23038088923290895 0 1370.618442343171 4.989480354576891 4.04617080009761 2.9233155548679024
21 147 0.1977448804346129 0 1369.6698597353115 5.061704799570105 3.9402969772025767 2.8739647115776443
22 154 0.1582074615172301 0 1369.4793762314864 4.829584437372857 4.206204071814382 3.095874000881757
23 161 0.20463630689443982 0 1364.6434950646733 5.281032841592592 3.4810448628013915 2.691844338469121
24 168 0.21178117529201196 0 1363.880380379365 5.3654563503731225 3.4230355469935603 2.571388598491667
25 175 0.2066563069788399 0 1362.4703788965621 5.286477384377167 3.5209933973429206 2.6326275095750855
26 182 0.21607356037374345 0 1360.7643601504194 5.71821553866197 2.8935683226825337 2.2483973808282793
27 189 0.29482200756488364 0 1337.152659790768 5.799971697755814 2.605667885773781 2.115343538930322
28 196 0.36960591998316206 0 1300.5410226008485 6.139287118538865 2.0253865607794914 1.7173765741829778
29 203 0.32122226078210225 0 1355.3940108558302 5.7078465873314395 2.816519234401292 2.1931977903072326
30 210 0.3841316431608887 0 1081.4155365169888 6.6000982949884 1.545872818470939 1.3862665778299519
31 217 0.4671895981124841 0 1025.4077991195086 6.704945115054688 1.426688599272582 1.3157691397706233
32 224 0.44053015129994766 0 979.9943196679773 6.98047696111379 0.883566166391494 0.9368240826547791
33 231 0.47751111021534137 0 869.54828027091 6.971564218110413 1.1181804095450492 0.9636638949542555
34 238 0.49214937422025284 0 815.7720730298553 7.177511678382563 0.8132159873802516 0.7655574879737238
35 245 0.48482994798667084 0 788.6810029895571 7.03611015569879 1.1809854640905522 0.9299455180780187
36 252 0.5081298678343512 0 844.5800352497703 6.935863087453512 1.3471899038844557 0.954657680517411
37 259 0.6283969874478238 0 627.9783054788127 7.298597335557765 1.0866423036002333 0.5677567242774493
38 266 0.6379950120731164 0 626.642084195671 7.610708327744475 0.7435493925651755 0.2210223452826438
39 273 0.5722330447443981 0 580.4647816789108 7.462013444661614 0.872214505628383 0.397544843933136
40 280 0.46067371162154 0 677.6547758349839 7.171691889235809 1.2915514656401959 0.7225102213113093
41 287 0.44285192417844577 0 517.1158614035203 7.637462227048966 0.6415309027838001 0.28439451286842776
42 294 0.4333448245566397 0 561.4024201211323 7.620297913569183 0.874471469698821 0.26558395331863205
43 301 0.39117673116058144 0 602.8992688639509 7.716737590529569 0.7257981694766175 0.1671176079036031
44 308 0.37499638440054095 0 514.9786339582869 7.497191921881783 0.8793771387675515 0.42150064648828983
45 315 0.4065777193416619 0 487.01046723116787 7.72452279836577 0.544635930019621 0.2413915546636327
46 322 0.5659212267496843 0 499.62822065919084 7.761943240993996 0.4714565117454284 0.2679249374870297
47 329 0.7317321907993957 0 378.4229239163269 7.736306979646916 0.7274880096846236 0.28424385060639673
48 336 0.6987846778210908 0 398.7934646042221 7.7194666843526045 0.7277277060304773 0.2840682927223405
49 343 0.564796494171875 0 425.0301343037798 7.644650528730381 0.82192633052471 0.33581730913713725
50 350 0.48738515423604123 0 388.86691287877954 7.740514967659001 0.6735392336673668 0.28470995337597477
51 357 0.4675588343725387 0 375.8066146641392 7.628268320383747 0.9096036842842709 0.42022626016559095
52 364 0.49678233866002114 0 368.65084099550523 7.647121170696153 0.9483735797968755 0.39587232970418623
53 371 0.6924061685168511 0 337.9244612854309 7.828781576465705 0.8987089276692773 0.2505824585592941
54 378 0.8924949286695206 0 375.51862812831433 7.578271636417833 1.3405723471173734 0.5156472774960965
55 385 0.9303696684631164 0 321.30206900803 7.8091682585795885 1.194969111269218 0.328631779152288
56 392 1.0610783436429965 0 309.2193322388578 7.758088930188141 1.393765013697724 0.4179597291789583
57 399 1.3074163730509614 0 263.8273711007092 8.04100559171602 0.8382836930974534 0.18698223341690107
58 406 1.4270487495995898 0 243.71035408840234 7.945460038467387 0.701107705196868 0.2223011613978953
59 413 1.3393678305993404 0 221.1396442878676 7.794045494061549 0.9158283094166805 0.5030608211162723
60 420 0.9858481717244774 0 211.70621802641782 7.82396344802281 1.0498271912997406 0.3944338372921315
61 427 1.3524993204777538 0 167.10229361622777 7.866166938685848 1.4168680684014496 0.5628721262318467
62 434 1.7064533113849067 0 187.61390322395658 7.866546940369659 1.5787242590163026 0.6393228537140945
63 441 2.410422166454 0 56.38235843677372 8.132603698361907 1.289916232396832 0.46592879586989455
64 448 4.063257161853621 0 -12.919570504036871 8.66274890435918 0.8597043784518689 0.327173914732261
65 455 4.097984313412305 0 43.752929455719155 8.403699903888251 1.707420907929471 0.6219325099444537
66 462 4.133380313092201 0 -11.851119228536243 8.797485094926147 1.3904760498209765 0.3617244063862439
67 469 3.7055855180958432 0 -12.424285874409712 8.747196503083472 0.8250646614080014 0.21419756067373943
68 476 2.8980325752803933 0 2.815084408679513 8.516651688553857 1.5172207131912097 0.3994684765325891
69 483 2.4972382741470116 0 3.926300208746564 8.476972375635475 0.9750962657390843 0.2926919736295778
70 490 2.042627702201173 0 -0.35124165848278555 8.445134936978993 1.1396936435801246 0.3961539883161679
71 497 2.2704208101522605 0 -15.75198193615008 8.753147708729536 0.8715357711923102 0.3425737141335347
72 504 3.081687075941804 0 -9.773278024930901 8.834671060130267 1.1628746568592843 0.4630259410935171
73 511 3.724183316098517 0 -9.539189587261898 8.852300658901115 1.2215417415409842 0.46275565133957225
74 518 3.4879349544933183 0 -12.357752173886501 8.865620215051509 1.2703708346863696 0.4108292498432199
75 525 3.019062402494298 0 -13.243986097809088 8.832291100900536 0.9251007800444514 0.3332051332501861
76 532 2.6679303703931185 0 -16.219572697275044 9.003387531468567 0.9935577612875468 0.31228577162438376
77 539 2.4484097991496006 0 -18.186162981352652 8.76084256043689 1.2500553244952475 0.34454477027150493
78 546 1.8185501506047796 0 -17.13560643704059 8.931465963339605 1.0711822626173586 0.3145615634418562
79 553 1.8703233670362178 0 -18.10962648945214 8.768082322915564 0.9604203639659943 0.23017854707426416
80 560 1.665831510839054 0 -19.55478826889931 8.76643852390925 0.9586707885425125 0.2839433493729989
81 567 1.6631922669154457 0 -19.857738965515956 8.696152201242676 0.9924815481862755 0.2777105669629256
82 574 1.4333467759077985 0 -20.577416916227456 8.698926516788912 1.0704755520444187 0.291067123664123
83 581 1.2072859652055639 0 -20.873964232312495 8.777393165924932 1.092829682269968 0.32282501822011067
84 588 1.1973484089339577 0 -21.214938237241686 8.786120350196047 0.899781603954166 0.27897020968978326
85 595 1.425650375231022 0 -17.864411027061532 8.70462779666841 0.8739963121191998 0.2888981690187522
86 602 1.5237331478810798 0 -21.476018336248803 8.773189732390422 0.9758865572009571 0.31855707817039564
87 609 1.6052575693425934 0 -18.12377297006877 8.679482672200454 1.0419149020392258 0.35278231778270597
88 616 2.130390038274008 0 -18.042380731847928 8.66944783308277 1.2516927848281247 0.34924965440904826
89 623 1.8882387700081131 0 -19.65462128510809 8.650882113468047 1.190583217604484 0.32696659794885025
90 630 1.5803129925435917 0 -20.50001744148212 8.699614007704026 1.0126579951745098 0.29704374195305544
91 637 1.535261022794617 0 -20.213083531370476 8.711278842470186 0.8325358352672535 0.2488511685543863
92 644 1.3220401826163843 0 -20.97742934652608 8.741594521888247 0.9972637364874378 0.2909835813111626
93 651 1.2409742641117554 0 -21.199295249794265 8.742305852060522 0.9999122105353756 0.3009070904535687
94 658 0.9543825296684181 0 -20.124088389177928 8.718909420307721 1.0433933631671168 0.3146452772761708
95 665 0.8930666680119677 0 -21.74810593479604 8.706717337486536 1.0519097000486213 0.3233229212210251
96 672 0.9752633019486524 0 -21.996681699992184 8.71013482471606 1.1346841699253765 0.3177715799080011
97 679 0.7720111838516728 0 -21.71011547009225 8.706801875251157 1.0910009185724718 0.32897382473627396
98 686 0.6844460680847174 0 -23.173101542323987 8.712030588600983 1.0462456935756448 0.3072563537962207
99 693 0.6702926477064015 0 -22.92479751339016 8.71064519571218 1.0543910006413153 0.30292247674163947
100 700 0.5907180393468077 0 -22.213570109406266 8.707882809815777 1.0771600339205945 0.30136726089940036
101 707 0.5746826684832372 0 -21.70717414997308 8.706101290186858 1.1134926088695591 0.3078609507786988
102 714 0.4934935405103983 0 -22.347592020847404 8.708297553395912 1.0389202455309072 0.2977225202355863
103 721 0.4283439142248691 0 -22.234394801301097 8.707834757155288 1.067293257260055 0.30207053819801566
104 728 0.46485648437266763 0 -23.191420191173286 8.711499420255453 1.034218041754952 0.3045750022268062
105 735 0.4515677530624819 0 -22.973824929836034 8.71209373572354 1.0657323696212757 0.30679441297534676
106 742 0.37207941207800804 0 -23.255966339609945 8.711741687329901 1.035941810171472 0.29523832908930253
107 749 0.330268660333526 0 -22.520600027258283 8.71281718492049 1.0335222591117283 0.30119007988155466
108 756 0.2627281956703389 0 -23.17897144871054 8.712156164422488 1.0476493982614283 0.30240923147594245
109 763 0.22392429066678612 0 -23.17454104698483 8.712086678407582 1.049910912716248 0.3017100926033787
110 770 0.1883927366142249 0 -23.142528514741326 8.71133770204258 1.0417751055020485 0.2999632190700857
111 777 0.1629580981442221 0 -23.184362625882887 8.711897502282365 1.0479960486306332 0.30304803557502125
112 784 0.14544958290323803 0 -23.114063996813304 8.711918780617488 1.0560642859784855 0.30307073080757163
113 791 0.1328572368393464 0 -23.13238796370476 8.711578460749879 1.0503529711603266 0.30033115267204674
114 798 0.13056872858566973 0 -23.18905167884296 8.711828306633889 1.0477235677467513 0.2987832547165314
115 805 0.11355648848472998 0 -23.18537574376963 8.711826056442058 1.0480348570419706 0.30036752526262006
116 812 0.1104755395286627 0 -23.196333155331203 8.711992000996641 1.0482042340312883 0.30080887486437596
117 819 0.10021941281884733 0 -23.20357867020955 8.712040964662073 1.047578795708182 0.3002328240124926
118 826 0.08646883616885805 0 -23.21787216252334 8.712016367913796 1.0460502990624243 0.30001312401279767
119 833 0.07785080893362911 0 -23.226881888417246 8.7119651698092 1.0447439159302632 0.2999244695930121
120 840 0.07207257054613121 0 -23.223917816685873 8.71198560585378 1.0452142359549441 0.3000767569429878
121 847 0.07789887799890145 0 -23.227523902768162 8.712005324376225 1.044618404205111 0.3010865015217966
122 854 0.091298364639331 0 -23.239478043881142 8.711959911958333 1.042569415838188 0.3016015801465346
123 861 0.10244577398987262 0 -23.233671432350846 8.711895774194753 1.0423139476079024 0.3018700946544937
124 868 0.10982370748079019 0 -23.25056281138729 8.71189762321987 1.0399024436474251 0.30201222293995666
125 875 0.11710410633366858 0 -23.2572309287928 8.711982055399472 1.040020350130248 0.30238588817216666
126 882 0.14069882610918583 0 -23.289573111930462 8.712003239619143 1.034845304471978 0.3033629704860147
127 889 0.15756461219830592 0 -23.307232899439693 8.712079087694159 1.0332794928863853 0.3032210155362425
128 896 0.17059593450073648 0 -23.326533329545295 8.712010032326992 1.0284184593915415 0.30374714361078675
129 903 0.20248879959998015 0 -23.362187915681474 8.71210427929627 1.0238013303582825 0.3039568941866776
130 910 0.27764851074548724 0 -23.404516235009133 8.712175291633217 1.0200561756560578 0.30186062769279354
131 917 0.38179281959031436 0 -23.440610652563684 8.712080410171193 1.014394643895279 0.29869173582633907
132 924 0.5210853506716474 0 -23.46019443360204 8.712176744276977 0.9916290957252474 0.3059289847515815
133 931 0.4200863961146619 0 -23.4478411319971 8.712219765311941 1.0032040392397077 0.3059220419052574
134 938 0.5240564340168947 0 -23.45759412259533 8.711990018525457 0.9879911327943869 0.2986393251249308
135 945 0.5830707044074086 0 -23.511641916851158 8.712231109138548 0.9565659788504759 0.3072571380240275
136 952 0.5118374436663498 0 -23.364657642593084 8.71202429901099 0.9874598544509026 0.30751964829824563
137 959 0.39306025179818493 0 -23.460746697551286 8.712021425905352 0.9934231266300051 0.3001101209029446
138 966 0.39744082895753213 0 -23.534486846183512 8.712215443767667 0.9984412758568215 0.2994631282002674
139 973 0.3972684154068596 0 -23.565918811857866 8.712212392472118 0.9778670229041126 0.3004526460547564
140 980 0.35075053333923806 0 -23.565068498132945 8.71221890931304 0.9794372901490885 0.3013809682366373
141 987 0.3130145802123146 0 -23.578066781534993 8.712225784733537 0.9774519726086773 0.30172638080425973
142 994 0.2618992909816342 0 -23.534286563009548 8.71218575735473 0.977399558828048 0.3007286735172421
143 1001 0.20548276742622804 0 -23.59689505454188 8.71222674176992 0.9772534886223616 0.3003497696196107
